Screenshots/Attacks/Jab\1619984571.2729247.jpg 1 1528 631 158 37
Screenshots/Attacks/Jab\1619984575.8227773.jpg 1 1523 635 165 31
Screenshots/Attacks/Jab\1619984576.318454.jpg 1 1510 634 158 42
Screenshots/Attacks/Jab\1619984576.7905288.jpg 1 1505 640 162 40
Screenshots/Attacks/Jab\1619984577.0308833.jpg 1 1516 638 144 41
Screenshots/Attacks/Jab\1619984581.0241776.jpg 1 1421 512 229 52
Screenshots/Attacks/Jab\1619984581.4949186.jpg 1 1389 532 232 45
Screenshots/Attacks/Jab\1619984581.736273.jpg 1 1423 526 185 42
Screenshots/Attacks/Jab\1619984587.787488.jpg 1 578 285 140 36
Screenshots/Attacks/Jab\1619984590.196.jpg 1 399 422 182 40
Screenshots/Attacks/Jab\1619984593.7863295.jpg 1 418 517 205 75
Screenshots/Attacks/Jab\1619984595.1670291.jpg 1 566 542 306 83
Screenshots/Attacks/Jab\1619984597.7624128.jpg 1 623 553 413 83
Screenshots/Attacks/Jab\1619984598.3045425.jpg 1 538 571 252 61
Screenshots/Attacks/Jab\1619984599.434108.jpg 1 542 581 250 55
Screenshots/Attacks/Jab\1619984599.927243.jpg 1 432 550 324 71
Screenshots/Attacks/Jab\1619984603.9271488.jpg 1 352 421 142 33
Screenshots/Attacks/Jab\1619984604.1635425.jpg 1 277 389 184 41
Screenshots/Attacks/Jab\1619984604.4076192.jpg 1 279 372 165 49
Screenshots/Attacks/Jab\1619984604.426569.jpg 1 224 546 167 56
Screenshots/Attacks/Jab\1619984605.8144639.jpg 1 227 555 165 45
Screenshots/Attacks/Jab\1619984606.07577.jpg 1 200 533 199 40
Screenshots/Attacks/Jab\1620070152.1644545.jpg 0
Screenshots/Attacks/Jab\1620070183.9431403.jpg 0
Screenshots/Attacks/Jab\1620070184.1994853.jpg 1 546 576 395 111
Screenshots/Attacks/Jab\1620070184.218434.jpg 0
Screenshots/Attacks/Jab\1620070192.203158.jpg 1 228 554 348 81
Screenshots/Attacks/Jab\1620070192.4474993.jpg 1 273 541 281 73
Screenshots/Attacks/Jab\1620070192.7028167.jpg 1 273 541 281 73
Screenshots/Attacks/Jab\1620070192.9471629.jpg 1 283 555 271 67
Screenshots/Attacks/Jab\1620070194.3648398.jpg 1 748 567 301 82
Screenshots/Attacks/Jab\1620070194.8555574.jpg 1 643 568 357 86
Screenshots/Attacks/Jab\1620070208.5157073.jpg 1 1540 713 110 30
Screenshots/Attacks/Jab\1620070209.01353.jpg 1 1539 712 135 37
Screenshots/Attacks/Jab\1620070209.493594.jpg 1 1555 716 131 34
Screenshots/Attacks/Jab\1620070209.5155597.jpg 1 1450 598 149 37
Screenshots/Attacks/Jab\1620070210.9079258.jpg 1 1455 601 147 37
Screenshots/Attacks/Jab\1620070211.1332974.jpg 1 1454 593 172 42
Screenshots/Attacks/Jab\1620070211.373682.jpg 1 1466 604 175 32
Screenshots/Attacks/Jab\1620070211.8464448.jpg 1 1464 598 183 43
Screenshots/Attacks/Jab\1620070212.0883334.jpg 1 1491 607 155 42
Screenshots/Attacks/Jab\1620070212.5586352.jpg 1 1475 609 175 35
Screenshots/Attacks/Jab\1620070214.1810205.jpg 1 1348 533 207 56
Screenshots/Attacks/Jab\1620070214.6711767.jpg 1 1335 538 244 55
Screenshots/Attacks/Jab\1620070214.9394608.jpg 1 1098 547 295 65
Screenshots/Attacks/Jab\1620070216.066273.jpg 1 1105 542 282 68
Screenshots/Attacks/Jab\1620070216.3116164.jpg 1 1087 551 338 78
Screenshots/Attacks/Jab\1620070216.5539677.jpg 1 1140 553 295 71
Screenshots/Attacks/Jab\1620070217.052151.jpg 1 1159 558 319 76
Screenshots/Attacks/Jab\1620070217.5610745.jpg 1 1181 561 290 65
Screenshots/Attacks/Jab\1620070217.812222.jpg 1 1111 555 386 83
Screenshots/Attacks/Jab\1620070220.7494094.jpg 1 568 563 349 73
Screenshots/Attacks/Jab\1620070221.2371783.jpg 1 546 566 340 88
Screenshots/Attacks/Jab\1620070221.7308497.jpg 1 546 572 342 81
Screenshots/Attacks/Jab\1620070222.2185736.jpg 1 446 574 449 88
Screenshots/Attacks/Jab\1620070222.458477.jpg 1 521 564 351 95
Screenshots/Attacks/Jab\1620070222.7002506.jpg 1 437 566 460 111
Screenshots/Attacks/Jab\1620070226.2671223.jpg 1 172 641 145 42
Screenshots/Attacks/Jab\1620070227.6532333.jpg 1 167 647 150 38
Screenshots/Attacks/Jab\1620070227.9084282.jpg 1 159 643 157 41
Screenshots/Attacks/Jab\1620070228.418591.jpg 1 180 650 141 39
Screenshots/Attacks/Jab\1620070228.6673737.jpg 1 167 660 157 39
Screenshots/Attacks/Jab\1620070229.2218685.jpg 1 128 722 125 37
Screenshots/Attacks/Jab\1620070230.385282.jpg 1 127 724 127 31
Screenshots/Attacks/Jab\1620070230.8709834.jpg 1 147 733 126 39
Screenshots/Attacks/Jab\1620070233.0866547.jpg 1 176 443 96 27
Screenshots/Attacks/Jab\1620070233.3252723.jpg 1 153 443 126 33
Screenshots/Attacks/Jab\1620070233.343224.jpg 1 207 425 105 23
Screenshots/Attacks/Jab\1620070234.9405031.jpg 1 205 422 110 32
Screenshots/Attacks/Jab\1620070235.19134.jpg 1 176 422 124 28
Screenshots/Attacks/Jab\1620070235.4426668.jpg 1 182 419 110 28
Screenshots/Attacks/Jab\1620070235.6910017.jpg 1 159 418 130 30
Screenshots/Attacks/Jab\1620070235.9448617.jpg 1 178 415 102 28
Screenshots/Attacks/Jab\1620070235.9638073.jpg 1 271 510 139 35
Screenshots/Attacks/Jab\1620070237.157965.jpg 1 269 509 143 40
Screenshots/Attacks/Jab\1620070237.6517038.jpg 1 208 485 141 34
Screenshots/Attacks/Jab\1620070238.1475132.jpg 1 158 521 144 38
Screenshots/Attacks/Jab\1620070239.5298495.jpg 1 161 523 140 36
Screenshots/Attacks/Jab\1620070240.0086489.jpg 1 164 524 140 35
Screenshots/Attacks/Jab\1620070240.253993.jpg 1 184 525 131 33
Screenshots/Attacks/Jab\1620070242.5760927.jpg 1 155 759 113 28
Screenshots/Attacks/Jab\1620070243.0354576.jpg 1 151 755 115 31
Screenshots/Attacks/Jab\1620070243.5211573.jpg 1 153 760 117 26
Screenshots/Attacks/Jab\1620070243.7695177.jpg 1 160 758 103 29
Screenshots/Attacks/Jab\1620070244.0144014.jpg 1 151 761 116 23
Screenshots/Attacks/Jab\1620070244.2557313.jpg 1 170 759 96 30
Screenshots/Attacks/Jab\1620070244.4987226.jpg 1 152 756 117 32
Screenshots/Attacks/Jab\1620070246.4080808.jpg 1 270 656 121 39
Screenshots/Attacks/Jab\1620070246.9027565.jpg 1 216 661 128 31
Screenshots/Attacks/Jab\1620070247.3939657.jpg 1 186 656 144 38
Screenshots/Attacks/Jab\1620403465.5213773.jpg 1 306 598 333 69
Screenshots/Attacks/Jab\1620403565.944753.jpg 1 328 601 312 78
Screenshots/Attacks/Jab\1620404138.5979276.jpg 1 253 603 369 59
Screenshots/Attacks/Jab\1620404141.500741.jpg 1 259 600 362 69
Screenshots/Attacks/Jab\1620414240.473864.jpg 1 234 604 355 62
Screenshots/Attacks/Jab\1620414244.9100761.jpg 1 300 607 359 72
Screenshots/Attacks/Jab\1620414245.200241.jpg 1 340 597 323 67
Screenshots/Attacks/Jab\1620414251.7722769.jpg 1 389 619 407 70
Screenshots/Attacks/Jab\1620414251.9130542.jpg 1 462 606 315 72
Screenshots/Attacks/Jab\1620414256.5755148.jpg 1 654 602 331 75
Screenshots/Attacks/Jab\1620414256.7291038.jpg 1 577 608 402 70
Screenshots/Attacks/Jab\1620414257.7663445.jpg 1 691 607 302 77
Screenshots/Attacks/Jab\1620414259.2459896.jpg 1 546 601 374 60
Screenshots/Attacks/Jab\1620414259.3901112.jpg 1 577 601 316 79
Screenshots/Attacks/Jab\1620414259.5397098.jpg 1 504 610 373 61
Screenshots/Attacks/Jab\1620414262.4111717.jpg 1 436 574 311 53
Screenshots/Attacks/Jab\1620414262.7173517.jpg 1 374 577 331 72
Screenshots/Attacks/Jab\1620414263.0320196.jpg 1 388 581 279 74
Screenshots/Attacks/Jab\1620414264.4387898.jpg 1 394 569 278 51
Screenshots/Attacks/Jab\1620414264.7304382.jpg 1 343 574 288 63
Screenshots/Attacks/Jab\1620414266.048529.jpg 1 386 561 258 51
Screenshots/Attacks/Jab\1620414266.3392558.jpg 1 349 553 244 60
Screenshots/Attacks/Jab\1620414270.1583655.jpg 1 1200 578 295 73
Screenshots/Attacks/Jab\1620414271.361942.jpg 1 1335 571 249 64
Screenshots/Attacks/Jab\1620414271.653165.jpg 1 1307 582 253 66
Screenshots/Attacks/Jab\1620414272.8429935.jpg 1 1376 558 254 49
Screenshots/Attacks/Jab\1620414274.007898.jpg 1 1433 548 214 54
Screenshots/Attacks/Jab\1620414274.31994.jpg 1 1428 556 190 42
Screenshots/Attacks/Jab\1620414275.5279207.jpg 1 1478 552 169 36
Screenshots/Attacks/Jab\1620414276.8386507.jpg 1 1493 572 177 47
Screenshots/Attacks/Jab\1620414276.9783134.jpg 1 1506 581 155 35
Screenshots/Attacks/Jab\1620414278.1566238.jpg 1 1542 618 140 37
Screenshots/Attacks/Jab\1620414279.8335342.jpg 1 1287 573 199 34
Screenshots/Attacks/Jab\1620414281.5502927.jpg 1 986 591 230 50
Screenshots/Attacks/Jab\1620414283.3196628.jpg 1 569 595 240 45
Screenshots/Attacks/Jab\1620414283.4677734.jpg 1 601 575 215 55
Screenshots/Attacks/Jab\1620414285.0121887.jpg 1 575 592 355 66
Screenshots/Attacks/Jab\1620414285.1702726.jpg 0
Screenshots/Attacks/Jab\1620414289.820447.jpg 1 220 590 348 72
Screenshots/Attacks/Jab\1620414289.9700468.jpg 1 299 594 263 53
Screenshots/Attacks/Jab\1620414290.116656.jpg 1 260 589 332 69
