Screenshots/Shield\1620101092.803324.jpg 1 257 651 140 111
Screenshots/Shield\1620101095.772046.jpg 1 255 647 144 115
Screenshots/Shield\1620101096.0163927.jpg 1 256 654 139 109
Screenshots/Shield\1620101101.1749265.jpg 1 264 649 130 121
Screenshots/Shield\1620101101.4232621.jpg 1 280 658 106 102
Screenshots/Shield\1620101101.6818583.jpg 1 267 654 129 102
Screenshots/Shield\1620101101.9291759.jpg 1 274 661 113 102
Screenshots/Shield\1620101102.1826398.jpg 1 270 654 116 102
Screenshots/Shield\1620101102.4339926.jpg 1 267 651 117 108
Screenshots/Shield\1620101102.6882875.jpg 1 263 648 122 109
Screenshots/Shield\1620101102.942607.jpg 1 473 515 125 137
Screenshots/Shield\1620101104.3586044.jpg 1 390 492 151 132
Screenshots/Shield\1620101106.3944817.jpg 1 787 358 533 415
Screenshots/Shield\1620101106.6772854.jpg 1 689 349 493 413
Screenshots/Shield\1620101106.9531689.jpg 1 643 377 480 399
Screenshots/Shield\1620101107.2074897.jpg 1 269 408 290 274
Screenshots/Shield\1620101108.4377007.jpg 1 796 402 323 278
Screenshots/Shield\1620101109.414705.jpg 1 637 398 382 328
Screenshots/Shield\1620101109.6690025.jpg 1 607 401 360 352
Screenshots/Shield\1620101109.925017.jpg 1 571 385 370 350
Screenshots/Shield\1620101110.1749487.jpg 1 549 391 376 353
Screenshots/Shield\1620101111.4087436.jpg 1 255 443 212 200
Screenshots/Shield\1620101111.6647146.jpg 1 339 452 201 179
Screenshots/Shield\1620101113.5804222.jpg 1 252 649 118 117
Screenshots/Shield\1620101115.7835765.jpg 1 253 649 139 141
Screenshots/Shield\1620101116.0777888.jpg 1 258 657 121 101
Screenshots/Shield\1620101116.3301148.jpg 1 263 657 111 109
Screenshots/Shield\1620101117.1360543.jpg 1 232 558 104 103
Screenshots/Shield\1620101118.1132474.jpg 1 236 561 95 97
Screenshots/Shield\1620101118.379143.jpg 1 241 564 100 91
Screenshots/Shield\1620101118.6308727.jpg 1 245 564 81 95
Screenshots/Shield\1620101118.890684.jpg 1 244 569 85 86
Screenshots/Shield\1620101120.0972598.jpg 1 213 748 73 80
Screenshots/Shield\1620101120.3599665.jpg 1 218 750 79 81
Screenshots/Shield\1620101120.8708165.jpg 1 228 759 68 76
Screenshots/Shield\1620101123.9766982.jpg 1 234 443 94 99
Screenshots/Shield\1620101124.2364602.jpg 1 233 442 98 100
Screenshots/Shield\1620101127.1101081.jpg 1 207 672 84 78
Screenshots/Shield\1620101133.9983845.jpg 1 1132 397 311 294
Screenshots/Shield\1620101135.6960213.jpg 1 1474 454 201 179
Screenshots/Shield\1620101135.9554865.jpg 1 1555 571 162 139
Screenshots/Shield\1620101137.3951018.jpg 1 1648 700 110 98
Screenshots/Shield\1620101138.8328621.jpg 1 1598 719 107 93
Screenshots/Shield\1620101139.8187222.jpg 1 1630 758 95 80
Screenshots/Shield\1620101140.0787966.jpg 1 1612 771 95 79
Screenshots/Shield\1620101141.7752745.jpg 1 1473 626 130 109
Screenshots/Shield\1620101142.033656.jpg 1 1544 626 105 111
Screenshots/Shield\1620101143.4457016.jpg 1 1353 470 159 154
Screenshots/Shield\1620101144.8782654.jpg 1 908 402 263 305
Screenshots/Shield\1620101145.8206658.jpg 1 868 402 348 348
Screenshots/Shield\1620101242.395427.jpg 1 1263 397 310 286
Screenshots/Shield\1620101242.6407714.jpg 1 1194 405 306 269
Screenshots/Shield\1620101244.113607.jpg 1 1438 418 210 218
Screenshots/Shield\1620101244.3734214.jpg 1 1437 425 233 211
Screenshots/Shield\1620101244.6241333.jpg 1 1445 431 242 208
Screenshots/Shield\1620101244.8795698.jpg 1 1456 425 239 224
Screenshots/Shield\1620101245.1363623.jpg 1 1452 411 260 226
Screenshots/Shield\1620101248.4589484.jpg 1 557 329 552 444
Screenshots/Shield\1620101248.7282279.jpg 1 591 340 484 447
Screenshots/Shield\1620101248.9985054.jpg 1 556 344 466 435
Screenshots/Shield\1620101249.2514029.jpg 1 589 372 430 421
Screenshots/Shield\1620101249.5217097.jpg 1 572 351 449 424
Screenshots/Shield\1620101252.1445458.jpg 1 480 371 412 376
Screenshots/Shield\1620101252.4008343.jpg 1 452 365 375 374
Screenshots/Shield\1620101252.655155.jpg 1 408 390 393 363
Screenshots/Shield\1620101252.9054856.jpg 1 417 406 359 341
Screenshots/Shield\1620101253.16358.jpg 1 394 407 376 342
Screenshots/Shield\1620101253.4338574.jpg 1 366 398 296 283
Screenshots/Shield\1620101256.9552133.jpg 1 356 409 271 255
Screenshots/Shield\1620101257.2005827.jpg 1 300 404 281 277
Screenshots/Shield\1620101257.4478953.jpg 1 279 419 277 257
Screenshots/Shield\1620101257.6932383.jpg 1 241 408 298 249
Screenshots/Shield\1620101257.9655404.jpg 1 249 437 276 231
Screenshots/Shield\1620101258.2256207.jpg 1 240 423 252 274
Screenshots/Shield\1620101258.5038764.jpg 1 235 431 263 228
Screenshots/Shield\1620101258.760216.jpg 1 247 433 246 242
Screenshots/Shield\1620101261.1437235.jpg 1 250 438 235 222
Screenshots/Shield\1620101261.3947268.jpg 1 238 435 235 225
Screenshots/Shield\1620101261.6470518.jpg 1 244 429 228 220
Screenshots/Shield\1620101261.8973815.jpg 1 434 419 336 275
Screenshots/Shield\1620101264.9763665.jpg 1 419 413 313 292
Screenshots/Shield\1620101265.2276938.jpg 1 361 397 328 316
Screenshots/Shield\1620101265.488001.jpg 1 322 415 345 303
Screenshots/Shield\1620101265.7343388.jpg 1 299 416 346 312
Screenshots/Shield\1620101266.5368166.jpg 1 1316 455 235 203
Screenshots/Shield\1620101267.9667275.jpg 1 1356 421 233 235
Screenshots/Shield\1620101268.223562.jpg 1 1389 429 226 220
Screenshots/Shield\1620101268.4756727.jpg 1 1419 424 220 227
Screenshots/Shield\1620101268.7324877.jpg 1 1426 418 230 234
Screenshots/Shield\1620101269.0025902.jpg 1 1448 417 216 237
Screenshots/Shield\1620101272.2915595.jpg 1 1505 475 149 154
Screenshots/Shield\1620101272.536934.jpg 1 1533 478 156 144
Screenshots/Shield\1620101272.7914646.jpg 1 1602 605 114 118
Screenshots/Shield\1620101274.520645.jpg 1 1622 610 101 119
Screenshots/Shield\1620101274.7735288.jpg 1 1625 611 100 119
Screenshots/Shield\1620101275.0188727.jpg 1 1625 625 105 101
Screenshots/Shield\1620101277.6344144.jpg 1 1666 703 82 102
Screenshots/Shield\1620101277.891758.jpg 1 1652 692 95 96
Screenshots/Shield\1620101278.1473823.jpg 1 1672 709 82 86
Screenshots/Shield\1620101278.4006784.jpg 1 1677 712 75 91
Screenshots/Shield\1620101278.658988.jpg 1 1666 709 78 86
Screenshots/Shield\1620101281.9603724.jpg 1 1661 739 59 90
Screenshots/Shield\1620101282.2142634.jpg 1 1664 754 74 73
Screenshots/Shield\1620101282.4746263.jpg 1 1672 759 68 62
Screenshots/Shield\1620412276.1175604.jpg 1 1569 695 90 94
Screenshots/Shield\1620412683.9079792.jpg 1 246 490 183 213
Screenshots/Shield\1620412728.7302303.jpg 1 225 478 303 283
Screenshots/Shield\1620412730.5013537.jpg 1 198 455 286 285
Screenshots/Shield\1620412730.5193067.jpg 1 198 466 282 269
Screenshots/Shield\1620412730.6539464.jpg 1 186 444 308 273
Screenshots/Shield\1620412730.6718981.jpg 1 195 446 293 276
Screenshots/Shield\1620412730.7975626.jpg 1 199 456 291 274
Screenshots/Shield\1620412730.8185055.jpg 1 197 461 289 260
Screenshots/Shield\1620412730.9431727.jpg 1 190 453 286 258
Screenshots/Shield\1620412730.9601269.jpg 1 207 460 264 262
Screenshots/Shield\1620412731.0947666.jpg 1 203 471 272 247
Screenshots/Shield\1620412731.1117215.jpg 1 213 481 254 248
Screenshots/Shield\1620412731.2513592.jpg 1 215 472 260 239
Screenshots/Shield\1620412731.271306.jpg 1 201 471 260 246
Screenshots/Shield\1620412745.4807403.jpg 1 346 459 335 261
Screenshots/Shield\1620412745.5006864.jpg 1 388 454 293 279
Screenshots/Shield\1620412745.6413112.jpg 1 335 444 313 283
Screenshots/Shield\1620412745.6602604.jpg 1 349 450 299 277
Screenshots/Shield\1620412745.7939024.jpg 1 349 450 286 295
Screenshots/Shield\1620412745.8128746.jpg 1 312 461 310 280
Screenshots/Shield\1620412745.951481.jpg 1 298 459 298 295
Screenshots/Shield\1620412745.97442.jpg 1 293 467 302 291
Screenshots/Shield\1620412747.3499699.jpg 1 415 479 368 291
Screenshots/Shield\1620412747.3729076.jpg 1 420 487 358 274
Screenshots/Shield\1620412747.5304866.jpg 1 431 477 329 286
Screenshots/Shield\1620412747.551471.jpg 1 432 475 324 287
Screenshots/Shield\1620412747.699035.jpg 1 396 488 327 277
Screenshots/Shield\1620412747.7229717.jpg 1 402 482 320 287
Screenshots/Shield\1620412747.8715737.jpg 1 435 507 281 264
Screenshots/Shield\1620412747.8945136.jpg 1 411 492 313 276
Screenshots/Shield\1620412749.0849414.jpg 1 642 500 284 266
Screenshots/Shield\1620412749.1028934.jpg 1 643 497 288 264
Screenshots/Shield\1620412749.231549.jpg 1 597 477 319 298
Screenshots/Shield\1620412749.252492.jpg 1 632 473 288 291
Screenshots/Shield\1620412749.3821461.jpg 1 620 480 288 287
Screenshots/Shield\1620412749.4010956.jpg 1 620 480 288 287
Screenshots/Shield\1620412749.5347369.jpg 1 606 466 281 301
Screenshots/Shield\1620412749.5556817.jpg 1 606 466 281 301
Screenshots/Shield\1620412751.1870563.jpg 1 982 503 195 198
Screenshots/Shield\1620412751.2050073.jpg 1 982 503 195 198
Screenshots/Shield\1620412751.335658.jpg 1 975 488 197 209
Screenshots/Shield\1620412751.3536117.jpg 1 975 488 197 209
Screenshots/Shield\1620412751.4895508.jpg 1 971 490 208 213
Screenshots/Shield\1620412751.507503.jpg 1 971 490 208 213
Screenshots/Shield\1620412751.6400316.jpg 1 969 483 216 233
Screenshots/Shield\1620412751.6591358.jpg 1 969 483 216 233
Screenshots/Shield\1620412752.724537.jpg 1 1239 468 236 265
Screenshots/Shield\1620412752.7474852.jpg 1 1239 468 236 265
Screenshots/Shield\1620412752.8890958.jpg 1 1144 475 297 265
Screenshots/Shield\1620412752.9100413.jpg 1 1144 475 297 265
Screenshots/Shield\1620412753.049667.jpg 1 1131 492 298 232
Screenshots/Shield\1620412753.0686166.jpg 1 1131 492 298 232
Screenshots/Shield\1620412753.2212083.jpg 1 1131 483 299 256
Screenshots/Shield\1620412753.2401574.jpg 1 1131 483 299 256
Screenshots/Shield\1620412755.1386664.jpg 1 1252 498 243 198
Screenshots/Shield\1620412755.1607907.jpg 1 1252 498 243 198
Screenshots/Shield\1620412755.2964354.jpg 1 1250 478 240 211
Screenshots/Shield\1620412755.3183684.jpg 1 1250 478 240 211
Screenshots/Shield\1620412755.44902.jpg 1 1244 479 242 206
Screenshots/Shield\1620412755.4669714.jpg 1 1244 479 242 206
Screenshots/Shield\1620412755.5976226.jpg 1 1242 463 237 226
Screenshots/Shield\1620412755.616572.jpg 1 1242 463 237 226
Screenshots/Shield\1620412756.8361416.jpg 1 1389 460 206 186
Screenshots/Shield\1620412756.854093.jpg 1 1389 460 206 186
Screenshots/Shield\1620412756.9837465.jpg 1 1374 490 198 166
Screenshots/Shield\1620412757.0026963.jpg 1 1374 490 198 166
Screenshots/Shield\1620412757.1350243.jpg 1 1382 483 172 171
Screenshots/Shield\1620412757.1519797.jpg 1 1382 483 172 171
Screenshots/Shield\1620412757.2816918.jpg 1 1374 489 178 163
Screenshots/Shield\1620412757.2996445.jpg 1 1374 489 178 163
Screenshots/Shield\1620412757.4443045.jpg 1 1375 489 156 161
Screenshots/Shield\1620412757.4672675.jpg 1 1375 489 156 161
Screenshots/Shield\1620412757.591794.jpg 1 1387 496 145 152
Screenshots/Shield\1620412757.6087475.jpg 1 1387 496 145 152
Screenshots/Shield\1620412757.7423918.jpg 1 1370 493 155 147
Screenshots/Shield\1620412757.7623384.jpg 1 1370 493 155 147
Screenshots/Shield\1620412759.0985239.jpg 1 1456 489 125 134
Screenshots/Shield\1620412759.1154783.jpg 1 1456 489 125 134
Screenshots/Shield\1620412759.2431374.jpg 1 1450 501 117 114
Screenshots/Shield\1620412759.2620866.jpg 1 1450 501 117 114
Screenshots/Shield\1620412759.3947318.jpg 1 1461 502 103 117
Screenshots/Shield\1620412759.4128146.jpg 1 1461 502 103 117
Screenshots/Shield\1620412759.5397446.jpg 1 1462 511 93 112
Screenshots/Shield\1620412759.5576966.jpg 1 1462 511 93 112
Screenshots/Shield\1620412759.695594.jpg 1 1450 516 105 96
Screenshots/Shield\1620412759.7145426.jpg 1 1450 516 105 96
Screenshots/Shield\1620412764.5656924.jpg 1 1460 539 137 131
Screenshots/Shield\1620412764.5886319.jpg 1 1460 539 137 131
Screenshots/Shield\1620412764.7285247.jpg 1 1472 538 130 131
Screenshots/Shield\1620412764.7474742.jpg 1 1472 538 130 131
Screenshots/Shield\1620412767.1541376.jpg 1 1480 585 134 106
Screenshots/Shield\1620412767.1731122.jpg 1 1480 585 134 106
Screenshots/Shield\1620412767.308723.jpg 1 1476 573 139 117
Screenshots/Shield\1620412767.3276718.jpg 1 1476 573 139 117
Screenshots/Shield\1620412767.457325.jpg 1 1475 586 136 109
Screenshots/Shield\1620412767.475277.jpg 1 1475 586 136 109
Screenshots/Shield\1620412767.6069248.jpg 1 1479 579 132 117
Screenshots/Shield\1620412767.6268718.jpg 1 1479 579 132 117
Screenshots/Shield\1620412767.7546735.jpg 1 1477 584 128 114
Screenshots/Shield\1620412767.7726257.jpg 1 1477 584 128 114
Screenshots/Shield\1620412769.9256573.jpg 1 1501 623 131 107
Screenshots/Shield\1620412769.943609.jpg 1 1501 623 131 107
Screenshots/Shield\1620412770.0725322.jpg 1 1495 618 137 110
Screenshots/Shield\1620412770.0904844.jpg 1 1495 618 137 110
Screenshots/Shield\1620412770.2251241.jpg 1 1493 628 138 108
Screenshots/Shield\1620412770.2440736.jpg 1 1493 628 138 108
Screenshots/Shield\1620412770.3747282.jpg 1 1499 624 136 107
Screenshots/Shield\1620412770.3926802.jpg 1 1499 624 136 107
Screenshots/Shield\1620412770.5223331.jpg 1 1507 630 123 101
Screenshots/Shield\1620412770.543277.jpg 1 1507 630 123 101
Screenshots/Shield\1620412772.6108234.jpg 1 1513 652 128 108
Screenshots/Shield\1620412772.6327639.jpg 1 1513 652 128 108
Screenshots/Shield\1620412772.7594256.jpg 1 1532 636 112 119
Screenshots/Shield\1620412772.7803702.jpg 1 1532 636 112 119
Screenshots/Shield\1620412772.910023.jpg 1 1540 649 101 111
Screenshots/Shield\1620412772.9279747.jpg 1 1540 649 101 111
Screenshots/Shield\1620412773.0576322.jpg 1 1529 648 111 106
Screenshots/Shield\1620412773.076583.jpg 1 1529 648 111 106
Screenshots/Shield\1620412773.20427.jpg 1 1536 652 103 104
Screenshots/Shield\1620412773.2232187.jpg 1 1536 652 103 104
Screenshots/Shield\1620412773.3515062.jpg 1 1530 651 108 105
Screenshots/Shield\1620412773.370456.jpg 1 1530 651 108 105
Screenshots/Shield\1620412776.15566.jpg 1 1539 674 119 104
Screenshots/Shield\1620412776.1756065.jpg 1 1539 674 119 104
Screenshots/Shield\1620412776.3046002.jpg 1 1551 677 105 107
Screenshots/Shield\1620412776.3255444.jpg 1 1551 677 105 107
Screenshots/Shield\1620412776.4561956.jpg 1 1545 686 107 94
Screenshots/Shield\1620412776.4751441.jpg 1 1545 686 107 94
Screenshots/Shield\1620412776.6097848.jpg 1 1545 679 109 104
Screenshots/Shield\1620412776.6297324.jpg 1 1545 679 109 104
Screenshots/Shield\1620412776.7603817.jpg 1 1543 682 111 100
Screenshots/Shield\1620412776.7783587.jpg 1 1543 682 111 100
Screenshots/Shield\1620412779.600089.jpg 1 1563 705 109 102
Screenshots/Shield\1620412779.6220315.jpg 1 1563 705 109 102
Screenshots/Shield\1620412779.7493572.jpg 1 1555 701 115 106
Screenshots/Shield\1620412779.7673109.jpg 1 1555 701 115 106
Screenshots/Shield\1620412779.90199.jpg 1 1558 703 111 98
Screenshots/Shield\1620412779.9209027.jpg 1 1558 703 111 98
Screenshots/Shield\1620412780.0565407.jpg 1 1554 709 118 93
Screenshots/Shield\1620412780.079478.jpg 1 1554 709 118 93
Screenshots/Shield\1620412780.224118.jpg 1 1555 716 110 86
Screenshots/Shield\1620412780.2500222.jpg 1 1555 716 110 86
Screenshots/Shield\1620412781.909019.jpg 1 1558 723 116 87
Screenshots/Shield\1620412781.927968.jpg 1 1558 723 116 87
Screenshots/Shield\1620412782.067595.jpg 1 1566 728 108 82
Screenshots/Shield\1620412782.0865455.jpg 1 1566 728 108 82
Screenshots/Shield\1620412782.2211835.jpg 1 1574 727 97 80
Screenshots/Shield\1620412782.238138.jpg 1 1574 727 97 80
Screenshots/Shield\1620412782.3677912.jpg 1 1576 733 103 76
Screenshots/Shield\1620412782.3867407.jpg 1 1576 733 103 76
Screenshots/Shield\1620412782.5203824.jpg 1 1564 727 108 86
Screenshots/Shield\1620412782.541327.jpg 1 1564 727 108 86
Screenshots/Shield\1620412784.1083505.jpg 1 1413 626 131 118
Screenshots/Shield\1620412784.132302.jpg 1 1413 626 131 118
Screenshots/Shield\1620412784.283192.jpg 1 1451 629 129 97
Screenshots/Shield\1620412784.3041353.jpg 1 1451 629 129 97
Screenshots/Shield\1620412784.4637082.jpg 1 1456 619 129 103
Screenshots/Shield\1620412784.4866478.jpg 1 1456 619 129 103
Screenshots/Shield\1620412784.6340609.jpg 1 1479 620 117 105
Screenshots/Shield\1620412784.6524854.jpg 1 1479 620 117 105
Screenshots/Shield\1620412784.7836435.jpg 1 1496 620 106 102
Screenshots/Shield\1620412784.8035896.jpg 1 1496 620 106 102
Screenshots/Shield\1620412784.9342413.jpg 1 1496 616 108 110
Screenshots/Shield\1620412784.952105.jpg 1 1496 616 108 110
Screenshots/Shield\1620412786.3848069.jpg 1 1242 491 167 169
Screenshots/Shield\1620412786.402758.jpg 1 1242 491 167 169
Screenshots/Shield\1620412786.533692.jpg 1 1288 487 160 165
Screenshots/Shield\1620412786.5516443.jpg 1 1288 487 160 165
Screenshots/Shield\1620412786.6813002.jpg 1 1310 489 152 167
Screenshots/Shield\1620412786.7002504.jpg 1 1310 489 152 167
Screenshots/Shield\1620412786.8344736.jpg 1 1322 482 170 166
Screenshots/Shield\1620412786.8564148.jpg 1 1322 482 170 166
Screenshots/Shield\1620412786.9970396.jpg 1 1339 480 155 165
Screenshots/Shield\1620412787.0159888.jpg 1 1339 480 155 165
Screenshots/Shield\1620412787.1515634.jpg 1 1350 484 159 159
Screenshots/Shield\1620412787.170781.jpg 1 1350 484 159 159
Screenshots/Shield\1620412789.6913693.jpg 1 927 482 251 245
Screenshots/Shield\1620412789.7113159.jpg 0
Screenshots/Shield\1620412789.8589203.jpg 1 938 477 247 246
Screenshots/Shield\1620412789.8768728.jpg 1 938 477 247 246
Screenshots/Shield\1620412790.0115125.jpg 1 914 508 269 239
Screenshots/Shield\1620412790.0294638.jpg 1 914 508 269 239
Screenshots/Shield\1620412790.1626763.jpg 1 940 504 252 236
Screenshots/Shield\1620412790.1836202.jpg 1 940 504 252 236
Screenshots/Shield\1620412790.3167.jpg 1 927 513 256 221
Screenshots/Shield\1620412790.3377914.jpg 1 927 513 256 221
Screenshots/Shield\1620412793.092362.jpg 1 256 504 296 241
Screenshots/Shield\1620412793.111312.jpg 1 256 504 296 241
Screenshots/Shield\1620412793.237973.jpg 1 238 485 300 264
Screenshots/Shield\1620412793.2569227.jpg 1 238 485 300 264
Screenshots/Shield\1620412793.3935568.jpg 1 253 495 294 254
Screenshots/Shield\1620412793.4145007.jpg 1 253 495 294 254
Screenshots/Shield\1620412793.5481431.jpg 1 235 495 290 262
Screenshots/Shield\1620412793.567093.jpg 1 235 495 290 262
